Matrix: [640.4276301979392, 0, 334.7280051583775;
 0, 639.23679309616, 250.714040293624;
 0, 0, 1]
Dist: [0.02966422219619989;
 -0.08265136401624934;
 0.003889049824158209;
 0.007569847953969606;
 -0.1875686580151703]

Matrix: [638.0757474398461, 0, 327.7174514710964;
 0, 636.7463559957387, 243.0514518392519;
 0, 0, 1]
Dist: [0.0380021035647787;
 -0.2599999974385352;
 -0.0009362004380123085;
 0.003949173336897017;
 0.2829941509616611]

 Matrix: [647.8569335494827, 0, 275.7377977654326;
 0, 643.1033590683173, 239.641340414689;
 0, 0, 1]
Dist: [0.03297360848678592;
 -0.07814074571402298;
 -0.000935181808190387;
 -0.02462301169377665;
 0.09362686543188201]