3
3
642.5859538068134
0.0
321.42563127721945
0.0
641.9002368889246
250.6128411012965
0.0
0.0
1.0

5
1
0.037370215208656236
-0.16860457617009694
0.005082273291703409
-6.21069510258596E-4
0.05202048035374513
3
3
642.5859538068134
0.0
321.42563127721945
0.0
641.9002368889246
250.6128411012965
0.0
0.0
1.0

5
1
0.037370215208656236
-0.16860457617009694
0.005082273291703409
-6.21069510258596E-4
0.05202048035374513
3
3
642.5859538068134
0.0
321.42563127721945
0.0
641.9002368889246
250.6128411012965
0.0
0.0
1.0

5
1
0.037370215208656236
-0.16860457617009694
0.005082273291703409
-6.21069510258596E-4
0.05202048035374513
3
3
642.5859538068134
0.0
321.42563127721945
0.0
641.9002368889246
250.6128411012965
0.0
0.0
1.0

5
1
0.037370215208656236
-0.16860457617009694
0.005082273291703409
-6.21069510258596E-4
0.05202048035374513
3
3
642.5859538068134
0.0
321.42563127721945
0.0
641.9002368889246
250.6128411012965
0.0
0.0
1.0

5
1
0.037370215208656236
-0.16860457617009694
0.005082273291703409
-6.21069510258596E-4
0.05202048035374513
3
3
642.5859538068134
0.0
321.42563127721945
0.0
641.9002368889246
250.6128411012965
0.0
0.0
1.0

5
1
0.037370215208656236
-0.16860457617009694
0.005082273291703409
-6.21069510258596E-4
0.05202048035374513
3
3
642.5859538068134
0.0
321.42563127721945
0.0
641.9002368889246
250.6128411012965
0.0
0.0
1.0

5
1
0.037370215208656236
-0.16860457617009694
0.005082273291703409
-6.21069510258596E-4
0.05202048035374513
3
3
642.5859538068134
0.0
321.42563127721945
0.0
641.9002368889246
250.6128411012965
0.0
0.0
1.0

5
1
0.037370215208656236
-0.16860457617009694
0.005082273291703409
-6.21069510258596E-4
0.05202048035374513
3
3
642.5859538068134
0.0
321.42563127721945
0.0
641.9002368889246
250.6128411012965
0.0
0.0
1.0

5
1
0.037370215208656236
-0.16860457617009694
0.005082273291703409
-6.21069510258596E-4
0.05202048035374513
3
3
642.5859538068134
0.0
321.42563127721945
0.0
641.9002368889246
250.6128411012965
0.0
0.0
1.0

5
1
0.037370215208656236
-0.16860457617009694
0.005082273291703409
-6.21069510258596E-4
0.05202048035374513
